0010101011001000010010001100011000101101
0010101010011111010010001010011000011001
0010101011010101010010001010011000011101
0010101001011110010010000111011000011111
0010101000101110010010001000011000011011
0010101000100001010010000101011000101001
0010101011110100010010000011011000111100
0010101010101100011010000001011000111010
0010101001110101010010000001011000111110
0010101011101111010001111111011000111100
0010101010101111010001111101011001001011
0010101000110110010001111101011000111010
0010101011000000010001111011011000101011
0010101001001001010001111001011000101101
0010101001100000010001111001011000111000
0010101000100011010001110111011000111110
0010101011100110010001110111011000111110
0010101001000110010001110110011000101101
0010101000111000010001110011011000101101
0010101011011111010001110100011000011111
0010101000001011010001110100011000101111
0010101011011101010001110010011000101011
0010101001100011010001110010011000101011
0010101011011111010001110000011000011101
0010101010000111010001110000011000011001
0010101000100100010001101110011000011001
0010101010000111010001101110011000011001
0010101010001111010001101100011000011111
0010101011101110010001101100011000011011
0010101001011100010001101101011000011001
0010101011010001010001101011011000011001
0010101000000101010001101011011000011001
0010101011111010010001101011011000001000
0010101011011000010001101011011000001000
0010101011001001010001101011011000011001
0010101010110100010001101011011000011001
0010101010001011010001101011011000001000
0010101001000100010001101011011000001000
0010101000011101010001101000011000011001
0010101001001001010001101000011000011101
0010101010110011010001100111011000011101
0010101001111100010001100111011000011101
0010101010001111010001100111011000011101
0010101000110010010001100111011000011101
0010101011011110010001100111011000011001
0010101011010101010001100111011000011101
0010101000100110010001100111011000011101
0010101001011101010001100111011000011101
0010101011101011010001101001011000011011
0010101011010001010001101000011000101001
0010101000100001010001101011011000011001
0010101000000001010001101100011000011111
0010101010100110011001101110011000011001
0010101001101001010001110010011000011011
0010101011111111010001110100011000001010
0010101001101110010001110111011000001110
0010101010111100010001111011011000001110
0010101001000111010001111111010110011000
0010101001001010010010000010010110001111
0010101010100100010010000101010110001101
0010101010101001010010001010010101111001
0010101001011001010010001110010101111011
0010101010101100010010010011010101101010
0010101011111111010010010111010101011000
0010101001110001010010011101010101011000
0010101000110010010010100000010101101110
0010101000110110010010100100010101101000
0010101010101100010010101001010101111011
0010101000110111010010101011010101111101
0010101010011101010010101101010101111101
0010101001111000010010101111010110001011
0010101010110111010010110010010110011010
00101010000110010100111100110101100011111
0010101000100010010010110111010110001011
0010101010101101010010111001010110001101
0010101011001000010010111100010101111101
0010101011101001010010111110010101101110
0010101011111101010011000011010101011110
0010101011000000010011000101010101001011
0010101000011101010011001010010101001011
0010101010011001010011001010010101011010
0010101000100101010011000111010101101100
0010101010010100010011001000010101101100
0010101011001110010011001000010101101100
0010101000111101010011000111010101101100
0010101000011011010011001010010101011010
0010101010011111010011001000010101011000
0010101001100101010011000101010101011010
0010101011001011010011000101010101101110
0010101010001110010011000011010101101010
0010101011101000010011000011010101011010
0010101010010101010011000011010101011010
0010101001110101010011000101010101001111
0010101000101111010011000101010101001111
0010101010000001010011001000010101001001
0010101010010011010011001000010100111000
0010101001010110010011001000010100101001
0010101010000010010011001010010100101011
0010101011001011010011001000010100111100
0010101010110001010011001000010101001001
0010101011100100010011001011010101001001
0010101001010101010011001000010101011000
0010101001000110010011001000010101011100
0010101011000101010011001000010101011000
0010101001000101010011001000010101011100
0010101001001111010011000110010101101110
0010101001011100010011000011010101111011
0010101000100001010010111110010110001011
0010101011110001010010111001010110011100
0010101010100000010010111001010110011000
00101010100000100100101101110110001010
0010101011110110010010110100011000001010
0010101000011101010010110010011000011011
0010101000011010011010101111011000101111
0010101011111011010010101101011000111100
0010101001110010010010101101011001001001
0010101010000101010010101011011001001101
0010101001100101010010101001011001011010
0010101000000001010010100110011001011110
0010101010111011010010100100011001101000
0010101010010100010010100100011001101100
0010101001011110010010100011011001101110
0010101001011101010010100000011001111111
0010101011111010010010011101011010001001
0010101011110110010010011110011010011000
00101010010000110100001111011011010011000
0010101001000100010010011011011100001001
0010101000001100010010011011011100001001
0010101011101011010010011010011100001011
0010101010011111010010011010011100001011
0010101000111001010010010111011010011000
0010101011101011010010010101011010011010
0010101001010011010010010100011010001001
0010101010010111010010010011011010001111
0010101010100101010010010001011010011000
0010101000001101010010010001011010011100
0010101011111001010010001110011010011010
0010101011101011010010001110011010011010
0010101011101111010010001100011010011100
0010101000111111010010001100011010011000
0010101011011100010010001011011010011110
0010101010010100010010001010011010011100
0010101001110000010010001010011010011100
0010101011000110010010000111011010011010
0010101001011000010010001000011010011110
0010101010110000010010000101011010011100
0010101000101101010010000101011010011000
0010101010111100010010000101011100001101
0010101000111010010010000011011100001001
0010101010101010010010000100011100001011
0010101011010000010010000001011010011110
0010101011000100010010000001011010011110
0010101000100111010010000001011010011010
0010101011110110010001111111011010011000
0010101001110110010001111101011100001111
0010101001001010010001111101011010011110
0010101001010001010001111101011010011110
0010101000001010010001111101011010011010
0010101011011001010001111011011010011110
0010101011010001010001111011011010011010
0010101010110011010001111011011010011110
0010101010111111010001111001011010011100
0010101010001101010001111001011010011000
0010101001000110010001111001011010011100
0010101010000000010001110111011010001111
0010101001111100010001110111011010001111
0010101001111100010001110111011010001111
0010101011000100010001110111011010001111
0010101000111010010001110111011010001011
0010101000101011010001110110011010011000
0010101000101100010001110110011010011100
0010101001000001010001110110011010011000
0010101011111011010001110110011010011100
0010101010111110010001110011011010011000
0010101011010111010001110100011010011010
0010101011100110010001110100011010011110
0010101000000111010001110100011010011110
0010101001011100010001110100011010011010
0010101010001011010001110100011010011010
0010101001101011010001110110011010011100
0010101010110000010001110111011010011110
0010101001101110010001110111011010001111
0010101001010001010001111001011010011100
0010101000100010010001111011011010011010
0010101001110011010001111110011010001111
0010101010000100010010000001011010001011
0010101011100001010010000101011010001001
0010101010000001010010000111011001111011
0010101011011010010010001100011001111101
0010101011100100010010001110011001101010
0010101001110001010010010011011001011010
0010101011110101010010010101011000111010
0010101001100100010010011010011000111110
0010101001111111010010011011011000101101
0010101000111111010010011111011000011011
0010101011100101010010100011011000011111
0010101000101001010010100100011000011101
0010101001011000010010101001011000001110
0010101010110101010010101101011000001100
0010101010010010010010110010010110011110
0010101011111010010010110011010110001001
0010101010011110010010111001010110001101
0010101010001111010010111100010101101100
0010101001010001010010111110010110001111
0010101000110001010011000011010110011110
0010101010010010010011000011011000011111
0010101010011100010011000101011000011011
0010101011010001010011000101011000101011
0010101001111011010011000101011000101011
0010101010010111010011001000011000011101
0010101010100000010011001010011000011011
0010101001010000010011001111011000001010
0010101001111111010011010010011000001110
0010101011010101010011010001011000001110
0010101010011010010011010100010110011010
0010101011011101010011010111010110011010
0010101001100001010011011001010110001101
0010101000101010010011011001010110001101
0010101011110111010011011010010101111101
0010101011111001010011011010010110001001
0010101011111010010011010111010110001011
0010101000100010010011010100010101111011
0010101010001111010011010100010101101110
0010101000011011010011010001010101011010
0010101011111011010011010010010101101110
0010101011111100010011010010010101111011
0010101010100110010011001111010101111011
0010101011100111010011001101010110001001
0010101011001000010011001010010110011110
0010101001000111010011001011011000001000
0010101010000001010011001101010110011000
0010101000001110010011001101010110001101
0010101011011010010011001101010110001101
0010101010100110010011001101010110001001
0010101000011001010011001101010110001101
0010101001100011010011001101011000001000
0010101011011100010011001101010110001101
0010101000011110010011001010010110001011
0010101001001010010011001000010110001101
0010101001010001010011000011010110011110
0010101000101111010010111110011000011111
0010101001110101010010111100011000011101
0010101011000011010010110111011000101011
0010101000011111010010110100011000111110
0010101001000010010010101111011001001011
0010101010011010010010101101011001011000
0010101010000000010010101011011001101100
0010101011000011010010101001011001101010
0010101011111110010010100110011001111111
0010101011100110010010100100011001111101
0010101001100001010010100100011010001101
0010101010101001010010100011011010001011
0010101001110000010010100000011010001111
0010101011000001010010100000011010011110
0010101010001001001001100110011010011110
0010101011010010010010011110011010011000
0010101011100111010010011011011100001001
0010101011110111010010011011011100011100
0010101011111011010010011100011100011110
0010101011000010010010011010011100011110
0010101001010110010010011010011100001011
0010101010100111010010010111011100001101
0010101001001101010010011000011100001001
0010101001110011010010010101011100001111
0010101011001100010010010011011100001011
0010101010100100010010010011011100001111
0010101001101101010010010001011100001101
0010101011110000010010001110011100001011
0010101001000000010010001111011100001101
0010101000110100010010001100011100001101
0010101011110111010010001100011100011100
0010101011101011010010001100011100011000
0010101000010111010010001010011100011000
0010101010111011010010001010011100011000
0010101000110110010010001000011100011010
0010101000111111010010001000011100011010
0010101010010111010010001000011100011110
0010101011100001010010000101011100011000
0010101001100111010010000101011100101100
0010101010110111010010000100011100101010
0010101000100111010010000001011100101010
0010101010101100010010000001011100101010
0010101001000000010001111111011100101100
0010101001010001010001111111011100101100
0010101000011010010001111101011100111111
0010101010000000010001111100011100101100
0010101000101010010001111011011100101110
0010101000010010010001111011011100111011
0010101011010000010001111001011100101100
0010101000110001010001111001011100101100
0010101011100111010001111001011100101000
0010101010010111010001111001011100101100
0010101000001001010001110111011100101010
0010101000100110010001110111011100101110
0010101010010100010001110111011100101110
0010101000000010010001110110011100101100
0010101000100010010001110110011100101000
0010101001100100010001110110011100101100
0010101011010100010001110110011100101000
0010101000101000010001110110011100101000
0010101010111010010001110100011100101110
0010101001101011010001110100011100101110
0010101011011011010001110010011100111011
0010101010110111010001110010011100101010
0010101001100100010001110010011100101110
0010101001001101010001110000011100111001
0010101011001001010001110000011100101000
0010101000011001010001110000011100101100
0010101000110011010001110010011100101010
0010101000111011010001110010011100011110
0010101000100010010001110100011100011010
0010101000111111010001110100011100011010
0010101010011101010001110110011100001101
0010101001011000010001110111011100001111
